25 6 25 160
0 1
0 5
0 7
0 10
0 13
0 15
0 19
0 20
0 21
0 22
0 23
0 24
1 2
1 3
1 6
1 7
1 8
1 9
1 10
1 12
1 13
1 19
1 11
1 17
1 22
2 7
2 8
2 14
2 20
2 6
2 3
2 4
2 5
2 12
2 17
2 22
3 7
3 9
3 15
3 11
3 4
3 5
3 8
3 13
3 18
3 23
4 7
4 10
4 8
4 12
4 16
4 5
4 9
4 14
4 19
4 24
5 7
5 9
5 13
5 17
5 21
5 10
5 15
5 20
6 7
6 12
6 18
6 24
6 8
6 9
6 10
6 11
6 16
6 21
7 13
7 19
7 11
7 16
7 21
8 14
8 20
8 12
8 16
8 9
8 10
8 13
8 18
8 23
9 15
9 13
9 17
9 21
9 10
9 14
9 19
9 24
10 14
10 18
10 22
10 15
10 20
11 17
11 23
11 12
11 13
11 14
11 15
11 16
11 21
12 18
12 24
12 16
12 13
12 14
12 15
12 17
12 22
13 19
13 17
13 21
13 14
13 15
13 18
13 23
14 20
14 18
14 22
14 15
14 19
14 24
15 19
15 23
15 20
16 22
16 17
16 18
16 19
16 20
16 21
11 23
11 21
11 18
11 19
11 20
11 22
18 24
18 22
18 19
18 20
18 23
19 23
19 20
19 24
20 24
21 22
21 23
21 24
22 23
22 24
23 24
